data,stato,codice_regione,denominazione_regione,lat,long,ricoverati_con_sintomi,terapia_intensiva,totale_ospedalizzati,isolamento_domiciliare,totale_positivi,variazione_totale_positivi,nuovi_positivi,dimessi_guariti,deceduti,casi_da_sospetto_diagnostico,casi_da_screening,totale_casi,tamponi,casi_testati,note,ingressi_terapia_intensiva,note_test,note_casi,totale_positivi_test_molecolare,totale_positivi_test_antigenico_rapido,tamponi_test_molecolare,tamponi_test_antigenico_rapido,codice_nuts_1,codice_nuts_2
2021-05-22T17:00:00,ITA,13,Abruzzo,42.35122196,13.39843823,179,17,196,5705,5901,71,128,65254,2466,,,73621,1541732,650079,Dal totale dei deceduti è stato eliminato un record in quanto conteggiato per errore,3,,Il totale dei nuovi positivi comprende 45 casi relativi a prelievi effettuati dal 15 al 18 maggio e non precedentemente comunicati dalla Asl dell'Aquila per problemi tecnici,73621,0,1089612,452120,ITF,ITF1
2021-05-22T17:00:00,ITA,17,Basilicata,40.63947052,15.80514834,84,5,89,4453,4542,-57,67,20865,570,,,25977,365356,199999,"IL NUMERO TOTALE DEI DECESSI COMPRENDE 21 PAZIENTI NON RESIDENTI, DECEDUTI  IN STRUTTURE OSPEDALIERE DELLA REGIONE BASILICATA.",0,,,25977,0,349855,15501,ITF,ITF5
2021-05-22T17:00:00,ITA,18,Calabria,38.90597598,16.59440194,294,24,318,10855,11173,33,161,53407,1136,,,65716,844539,776180,,2,,,65703,13,804495,40044,ITF,ITF6
2021-05-22T17:00:00,ITA,15,Campania,40.83956555,14.25084984,1011,82,1093,71438,72531,-1797,565,335737,7069,,,415337,4790260,3105946,"Del Totale di 29 deceduti comunicati in data odierna, 24 si evincono da un'ulteriore ed approfondita verifica effettuata dalle A.S.L. e si riferiscono ai mesi precedenti.",6,,,403749,11588,4270400,519860,ITF,ITF3
2021-05-22T17:00:00,ITA,08,Emilia-Romagna,44.49436681,11.3417208,791,126,917,18421,19338,-1870,340,349298,13140,,,381776,6097541,1846477,"Sono stati eliminati 1 casi, positivi a test antigenico ma non confermati da tampone molecolare. Sono stati eliminati 2 casi, comunicati nei giorni precedenti, in quanto giudicati non casi COVID-19.",7,,,381462,314,4686869,1410672,ITH,ITH5
2021-05-22T17:00:00,ITA,06,Friuli Venezia Giulia,45.6494354,13.76813649,50,10,60,5228,5288,-39,39,97672,3777,,,106737,1982137,676545,,0,,,92087,14650,1682796,299341,ITH,ITH4
2021-05-22T17:00:00,ITA,12,Lazio,41.89277044,12.48366722,1283,195,1478,26856,28334,-593,494,302784,8081,,,339199,6787939,4243241,,5,,,330963,8236,4606762,2181177,ITI,ITI4
2021-05-22T17:00:00,ITA,07,Liguria,44.41149315,8.9326992,194,43,237,1811,2048,-113,60,95887,4304,,,102239,1571719,627674,,3,,,102239,0,1265385,306334,ITC,ITC3
2021-05-22T17:00:00,ITA,03,Lombardia,45.46679409,9.190347404,1566,298,1864,33552,35416,-805,828,761498,33462,,,830376,10382386,4154385,,10,,,778441,51935,8710732,1671654,ITC,ITC4
2021-05-22T17:00:00,ITA,11,Marche,43.61675973,13.5188753,186,39,225,4305,4530,-16,125,94303,3004,,,101837,1211675,719235,,1,,,101837,0,1082117,129558,ITI,ITI3
2021-05-22T17:00:00,ITA,14,Molise,41.55774754,14.65916051,15,5,20,203,223,-10,3,12836,488,,,13547,226201,193642,,0,,,13547,0,213382,12819,ITF,ITF2
2021-05-22T17:00:00,ITA,21,P.A. Bolzano,46.49933453,11.35662422,14,4,18,844,862,-27,43,70505,1172,,,72539,1508868,412013,43 nuovi positivi di cui 8 test antigenici confermati da test molecolare ,0,,,59348,13191,572110,936758,ITH,ITH1
2021-05-22T17:00:00,ITA,22,P.A. Trento,46.06893511,11.12123097,32,13,45,566,611,-9,24,43161,1354,,,45126,807799,208619,,1,,,32481,12645,657939,149860,ITH,ITH2
2021-05-22T17:00:00,ITA,01,Piemonte,45.0732745,7.680687483,893,105,998,7211,8209,-347,400,338402,11577,,,358188,4384479,1810272,,4,,,339850,18338,2853234,1531245,ITC,ITC1
2021-05-22T17:00:00,ITA,16,Puglia,41.12559576,16.86736689,863,100,963,31831,32794,-353,399,209321,6369,,,248484,2432468,1174777,,2,,,247548,936,2228241,204227,ITF,ITF4
2021-05-22T17:00:00,ITA,20,Sardegna,39.21531192,9.110616306,184,32,216,13268,13484,-56,35,41479,1446,,,56409,1270593,743869,,1,,Si segnala il decesso dei paz.:  - 1 uomo 78 aa Residente nella Città Metropolitana di Cagliari ,56392,17,888187,382406,ITG,ITG2
2021-05-22T17:00:00,ITA,19,Sicilia,38.11569725,13.3623567,662,104,766,12501,13267,-748,350,203650,5737,,,222654,4372749,1676182,,5,,,222654,0,2457732,1915017,ITG,ITG1
2021-05-22T17:00:00,ITA,09,Toscana,43.76923077,11.25588885,652,144,796,10756,11552,-736,358,220923,6617,,,239092,4588599,2170605,,10,,,235773,3319,3582294,1006305,ITI,ITI1
2021-05-22T17:00:00,ITA,10,Umbria,43.10675841,12.38824698,80,12,92,1938,2030,-67,36,52643,1388,,,56061,1299161,372406,"Si fa presente che 3 dei ricoveri NON UTI, non rientrano nei codici disciplina COVID e pertanto vengono collocati in ""Altra Struttura"".",1,,,56061,0,909162,389999,ITI,ITI2
2021-05-22T17:00:00,ITA,02,Valle d'Aosta,45.73750286,7.320149366,18,0,18,297,315,-10,28,10698,471,,,11484,126418,61681,,0,,,10856,628,95336,31082,ITC,ITC2
2021-05-22T17:00:00,ITA,05,Veneto,45.43490485,12.33845213,437,72,509,10787,11296,-495,234,398970,11525,,,421791,7786476,1745152,Il dato dei casi confermati da test antigenico è diminuito rispetto a ieri in quanto i test confermati da molecolari sono stati ricollocati.,3,,,410106,11685,5302069,2484407,ITH,ITH3
