data,stato,codice_regione,denominazione_regione,lat,long,ricoverati_con_sintomi,terapia_intensiva,totale_ospedalizzati,isolamento_domiciliare,totale_positivi,variazione_totale_positivi,nuovi_positivi,dimessi_guariti,deceduti,casi_da_sospetto_diagnostico,casi_da_screening,totale_casi,tamponi,casi_testati,note,ingressi_terapia_intensiva,note_test,note_casi,totale_positivi_test_molecolare,totale_positivi_test_antigenico_rapido,tamponi_test_molecolare,tamponi_test_antigenico_rapido,codice_nuts_1,codice_nuts_2
2021-02-23T17:00:00,ITA,13,Abruzzo,42.35122196,13.39843823,595,78,673,12150,12823,-150,322,37289,1652,,,51764,942013,483666,,12,,,51764,0,716644,225369,ITF,ITF1
2021-02-23T17:00:00,ITA,17,Basilicata,40.63947052,15.80514834,79,5,84,3608,3692,103,151,10977,368,,,15037,243750,142341,"IL NUMERO TOTALE DEI DECESSI COMPRENDE 12 PAZIENTI NON RESIDENTI, DECEDUTI  IN STRUTTURE OSPEDALIERE DELLA REGIONE BASILICATA. ",1,I TEST ANTIGENICI RISULTATI POSITIVI SONO SEMPRE VERIFICATI CON TEST MOLECOLARE.,IL DATO DEI POSITIVI COMPRENDE N. 115 POSITIVITA' ODIERNE ED ULTERIORI  N. 36 RIFERITE AL 20 FEBBRAIO 2021 CARICATE SUCCESSIVAMENTE NELLA PIATTAFORMA REGIONALE.,15037,0,232955,10795,ITF,ITF5
2021-02-23T17:00:00,ITA,18,Calabria,38.90597598,16.59440194,181,19,200,5998,6198,-144,116,29954,668,,,36820,571766,539962,,2,,,36814,6,562199,9567,ITF,ITF6
2021-02-23T17:00:00,ITA,15,Campania,40.83956555,14.25084984,1327,132,1459,69074,70533,-719,1436,181042,4179,,,255754,2820917,1959798,,22,,,251263,4491,2733595,87322,ITF,ITF3
2021-02-23T17:00:00,ITA,08,Emilia-Romagna,44.49436681,11.341720800000001,2043,196,2239,34486,36725,209,1588,202311,10393,,,249429,3671610,1468388,"Sono stati eliminati 15 casi, positivi a test antigenico ma non confermati da tampone molecolare.",17,,,249318,111,3310327,361283,ITH,ITH5
2021-02-23T17:00:00,ITA,06,Friuli Venezia Giulia,45.6494354,13.76813649,353,57,410,8761,9171,-120,241,62386,2792,,,74349,1309050,467090,,5,,,69948,4401,1224938,84112,ITH,ITH4
2021-02-23T17:00:00,ITA,12,Lazio,41.89277044,12.48366722,1850,229,2079,32848,34927,-283,889,186854,5776,,,227557,3941971,2749305,,14,,,225395,2162,3330773,611198,ITI,ITI4
2021-02-23T17:00:00,ITA,07,Liguria,44.41149315,8.9326992,498,53,551,4316,4867,-131,381,67827,3597,,,76291,999439,427053,,1,,,76291,0,906363,93076,ITC,ITC3
2021-02-23T17:00:00,ITA,03,Lombardia,45.46679409,9.190347404,3917,408,4325,50390,54715,1346,2480,500390,28146,,,583251,6418047,3049391,,29,,,577257,5994,6079928,338119,ITC,ITC4
2021-02-23T17:00:00,ITA,11,Marche,43.61675973,13.5188753,555,78,633,8491,9124,215,581,53109,2204,,,64437,801796,486227,,6,,,64437,0,745611,56185,ITI,ITI3
2021-02-23T17:00:00,ITA,14,Molise,41.55774754,14.65916051,106,15,121,1600,1721,19,26,8121,341,,,10183,157502,142405,,4,,,10183,0,157211,291,ITF,ITF2
2021-02-23T17:00:00,ITA,21,P.A. Bolzano,46.49933453,11.35662422,259,33,292,6814,7106,182,374,44035,1006,,,52147,696789,194606,,2,,,41927,10220,480955,215834,ITH,ITH1
2021-02-23T17:00:00,ITA,22,P.A. Trento,46.06893511,11.12123097,174,32,206,2786,2992,-1,232,28085,1197,,,32274,592138,168470,,2,,,26559,5715,544437,47701,ITH,ITH2
2021-02-23T17:00:00,ITA,01,Piemonte,45.0732745,7.680687483,1919,145,2064,11041,13105,185,1023,218197,9309,,,240611,2468673,1217712,,12,,,236183,4428,2032975,435698,ITC,ITC1
2021-02-23T17:00:00,ITA,16,Puglia,41.12559576,16.86736689,1265,164,1429,31013,32442,-253,823,105369,3814,,,141625,1511214,841295,,26,,,141134,491,1464291,46923,ITF,ITF4
2021-02-23T17:00:00,ITA,20,Sardegna,39.21531192,9.110616306,247,24,271,12816,13087,-75,47,26600,1125,,,40812,746694,521897,,1,,Si segnala il decesso dei paz.:  - 1 donna 77 aa Residente nella Provincia del Sud Sardegna  - 1 donna 59 aa Residente nella Provincia del Sud Sardegna  - 1 donna 81 aa Residente nella Provincia di Nuoro  - 1 donna 84 aa Residente nella Provincia di Oristano  - 1 uomo 57 aa Residente nella Provincia di Sassari  - 1 donna 88 aa Residente nella Provincia di Sassari  - 1 uomo 89 aa Residente nella Provincia di Sassari ,40796,16,622964,123730,ITG,ITG2
2021-02-23T17:00:00,ITA,19,Sicilia,38.11569725,13.362356699999998,818,135,953,27704,28657,-710,452,117158,4039,,,149854,2315916,1104845,,5,,,149854,0,1705322,610594,ITG,ITG1
2021-02-23T17:00:00,ITA,09,Toscana,43.76923077,11.25588885,824,159,983,14138,15121,334,824,130853,4582,,,150556,2618821,1386367,,16,,,150029,527,2393012,225809,ITI,ITI1
2021-02-23T17:00:00,ITA,10,Umbria,43.10675841,12.38824698,473,79,552,7957,8509,35,262,33839,1003,,,43351,782676,309492,"Si fa presente che 10 dei ricoveri NON UTI, sono post-acuti COD. n.56 e COD n.60 (quindi reparti riabilitativi e lungo-degenza).",5,,,43351,0,676859,105817,ITI,ITI2
2021-02-23T17:00:00,ITA,02,Valle d'Aosta,45.73750286,7.320149366,6,0,6,130,136,-10,4,7431,415,,,7982,76105,43569,,0,,,7982,0,73151,2954,ITC,ITC2
2021-02-23T17:00:00,ITA,05,Veneto,45.43490485,12.33845213,806,105,911,21386,22297,13,1062,296039,9742,,,328078,4846574,1381843,Nei valori riportati per le terapie intensive si è verificato un disallineamento temporale del flusso informativo pertanto per convenzione è stato riportato 9 dimesso da TI  invece del n. 8 effettivo che include anche i negativizzati.,15,,,324952,3126,3979200,867374,ITH,ITH3
