data,stato,codice_regione,denominazione_regione,lat,long,ricoverati_con_sintomi,terapia_intensiva,totale_ospedalizzati,isolamento_domiciliare,totale_positivi,variazione_totale_positivi,nuovi_positivi,dimessi_guariti,deceduti,casi_da_sospetto_diagnostico,casi_da_screening,totale_casi,tamponi,casi_testati,note,ingressi_terapia_intensiva,note_test,note_casi,totale_positivi_test_molecolare,totale_positivi_test_antigenico_rapido,tamponi_test_molecolare,tamponi_test_antigenico_rapido,codice_nuts_1,codice_nuts_2
2021-05-14T17:00:00,ITA,13,Abruzzo,42.35122196,13.39843823,215,19,234,6652,6886,-124,144,63692,2452,,,73030,1503118,641480,"A seguito di controlli anagrafici, dai casi positivi totali è stato eliminato 1 caso dei giorni passati in quanto duplicato.",1,,,73030,0,1064608,438510,ITF,ITF1
2021-05-14T17:00:00,ITA,17,Basilicata,40.63947052,15.80514834,116,9,125,5192,5317,-24,114,19537,562,,,25416,355924,196305,"IL NUMERO TOTALE DEI DECESSI COMPRENDE 21 PAZIENTI NON RESIDENTI, DECEDUTI  IN STRUTTURE OSPEDALIERE DELLA REGIONE BASILICATA.",0,,,25416,0,340939,14985,ITF,ITF5
2021-05-14T17:00:00,ITA,18,Calabria,38.90597598,16.59440194,382,29,411,11934,12345,-108,253,50765,1105,,,64215,820597,756314,,6,,,64202,13,784262,36335,ITF,ITF6
2021-05-14T17:00:00,ITA,15,Campania,40.83956555,14.25084984,1247,102,1349,79302,80651,-799,1118,322323,6797,,,409771,4639498,3028268,,9,,,398183,11588,4159610,479888,ITF,ITF3
2021-05-14T17:00:00,ITA,08,Emilia-Romagna,44.49436681,11.3417208,1136,160,1296,25596,26892,83,551,338648,13067,,,378607,5929769,1825038,"Sono stati eliminati 4 casi, positivi a test antigenico ma non confermati da tampone molecolare.",9,"Dei nuovi 26.725 tamponi molecolari, 13.810 sono realmente nuovi tamponi mentre 12.915 rappresentano il recupero di tamponi non comunicati nei giorni precedenti (11,12,13/05) da parte di uno dei laboratori afferenti alla rete regionale, per problemi informatici di trasmissione dei dati.",,378295,312,4597538,1332231,ITH,ITH5
2021-05-14T17:00:00,ITA,06,Friuli Venezia Giulia,45.6494354,13.76813649,89,17,106,5777,5883,-87,36,96756,3765,,,106404,1934374,665505,,0,,,91800,14604,1651033,283341,ITH,ITH4
2021-05-14T17:00:00,ITA,12,Lazio,41.89277044,12.48366722,1599,231,1830,32911,34741,-404,706,292548,7987,,,335276,6563398,4137191,,13,,,327194,8082,4505225,2058173,ITI,ITI4
2021-05-14T17:00:00,ITA,07,Liguria,44.41149315,8.9326992,303,49,352,2855,3207,-40,138,94125,4273,,,101605,1527412,613471,,4,,In Regione Liguria la positività al test antigenico rapido è seguita da conferma con test molecolare,101605,0,1239271,288141,ITC,ITC3
2021-05-14T17:00:00,ITA,03,Lombardia,45.46679409,9.190347404,2251,411,2662,36027,38689,-855,1160,751543,33307,,,823539,10061653,4044528,,14,,,772897,50642,8512675,1548978,ITC,ITC4
2021-05-14T17:00:00,ITA,11,Marche,43.61675973,13.5188753,278,50,328,4475,4803,-266,252,92869,2988,,,100660,1184273,705254,,2,,,100660,0,1058444,125829,ITI,ITI3
2021-05-14T17:00:00,ITA,14,Molise,41.55774754,14.65916051,18,4,22,312,334,-15,15,12672,486,,,13492,222443,190042,,1,,,13492,0,209698,12745,ITF,ITF2
2021-05-14T17:00:00,ITA,21,P.A. Bolzano,46.49933453,11.35662422,23,7,30,1006,1036,-29,73,69902,1168,,,72106,1462417,406388,73 nuovi PCR positivi di cui 18 con precedente AG positivo ,1,,,58967,13139,566358,896059,ITH,ITH1
2021-05-14T17:00:00,ITA,22,P.A. Trento,46.06893511,11.12123097,50,18,68,739,807,-55,51,42632,1349,,,44788,792374,202449,,0,,,32338,12450,650631,141743,ITH,ITH2
2021-05-14T17:00:00,ITA,01,Piemonte,45.0732745,7.680687483,1402,144,1546,9963,11509,-385,595,331942,11484,,,354935,4227622,1769927,,11,,,336835,18100,2791936,1435686,ITC,ITC1
2021-05-14T17:00:00,ITA,16,Puglia,41.12559576,16.86736689,1182,139,1321,37920,39241,-1054,591,199894,6243,,,245378,2363894,1158445,,4,,"E' stata effettuata una riclassificazione di alcuni casi confermati da test antigenico, che sono risultati successivamente anche confermati da test molecolare e quindi ricompresi tra questi",244437,941,2175213,188681,ITF,ITF4
2021-05-14T17:00:00,ITA,20,Sardegna,39.21531192,9.110616306,222,39,261,14289,14550,-204,99,40052,1430,,,56032,1239478,729329,"Nel totale dei casi confermati e nell'incremento sono presenti 15 nuovi casi diagnosticati su un equipaggio di una nave petroliera giunta in rada a Sarroch (CA) nella serata di ieri, su un equipaggio totale di 23 marittimi di nazionalità Indiana, provenienti dalla Norvegia con sosta in Turchia, dove sono saliti a bordo 4 marittimi. Attualmente un marinaio è stato ricoverato in reparto CoViD nel P.O. SS. Trinità di Cagliari. I positivi, per il momento, stanno osservando l'isolamento a bordo, così anche i  quarantenati.",3,,Si segnala il decesso dei paz.:  - 1 uomo 72 aa Residente nella Città Metropolitana di Cagliari  - 1 donna 86 aa Residente nella Provincia del Sud Sardegna ,56015,17,870794,368684,ITG,ITG2
2021-05-14T17:00:00,ITA,19,Sicilia,38.11569725,13.3623567,841,120,961,17048,18009,-1156,573,195434,5650,,,219093,4211778,1619810,,3,,,219093,0,2399490,1812288,ITG,ITG1
2021-05-14T17:00:00,ITA,09,Toscana,43.76923077,11.25588885,935,182,1117,13857,14974,-456,529,214299,6499,,,235772,4429458,2114985,,10,,,232567,3205,3495732,933726,ITI,ITI1
2021-05-14T17:00:00,ITA,10,Umbria,43.10675841,12.38824698,126,18,144,2337,2481,-61,73,51836,1374,,,55691,1253214,367775,"Si fa presente che 4 dei ricoveri NON UTI, non rientrano nei codici disciplina COVID e pertanto vengono collocati in ""Altra Struttura"".",0,,,55691,0,891904,361310,ITI,ITI2
2021-05-14T17:00:00,ITA,02,Valle d'Aosta,45.73750286,7.320149366,25,6,31,485,516,13,43,10372,466,,,11354,121858,60243,,0,,,10746,608,93715,28143,ITC,ITC2
2021-05-14T17:00:00,ITA,05,Veneto,45.43490485,12.33845213,610,106,716,16019,16735,-376,453,391348,11475,,,419558,7560856,1722141,Nei valori riportati per le terapie intensive si è verificato un disallineamento temporale del flusso informativo pertanto per convenzione è stato riportato 7 dimessi da TI  invece del n. 8 effettivi che include anche i negativizzati.,8,,,407929,11629,5201740,2359116,ITH,ITH3
