data,stato,codice_regione,denominazione_regione,lat,long,ricoverati_con_sintomi,terapia_intensiva,totale_ospedalizzati,isolamento_domiciliare,totale_positivi,variazione_totale_positivi,nuovi_positivi,dimessi_guariti,deceduti,casi_da_sospetto_diagnostico,casi_da_screening,totale_casi,tamponi,casi_testati,note
2020-11-20T17:00:00,ITA,13,Abruzzo,42.35122196,13.39843823,661,75,736,14642,15378,516,705,6430,739,10048,12499,22547,366943,218064,
2020-11-20T17:00:00,ITA,17,Basilicata,40.63947052,15.80514834,154,27,181,4762,4943,181,219,1055,104,1970,4132,6102,136301,135426,TOTALI TAMPONI EFFETTUATI/CASI TESTATI E TOTALE CASI POSITIVI RESIDENTI IN REGIONE BASILICATA IN CORSO DI REVISIONE.
2020-11-20T17:00:00,ITA,18,Calabria,38.90597598,16.59440194,415,46,461,8906,9367,389,515,3447,213,1501,11526,13027,337603,330399,
2020-11-20T17:00:00,ITA,15,Campania,40.83956555,14.25084984,2244,201,2445,96547,98992,2806,4226,29293,1217,126778,2724,129502,1383104,972976,
2020-11-20T17:00:00,ITA,08,Emilia-Romagna,44.49436681,11.341720800000001,2534,244,2778,60156,62934,1925,2533,32145,5265,64026,36318,100344,1957785,1011858,In seguito a verifica sui dati comunicati nei giorni passati sono stati eliminati 3 casi in quanto giudicati non casi COVID-19.
2020-11-20T17:00:00,ITA,06,Friuli Venezia Giulia,45.6494354,13.76813649,505,54,559,11616,12175,530,1018,10157,608,19425,3515,22940,651014,261532,I nuovi casi di oggi includono 85 casi registrati dai laboratori privati fra il 29 ottobre e il 14 novembre
2020-11-20T17:00:00,ITA,12,Lazio,41.89277044,12.48366722,3202,337,3539,74207,77746,2205,2667,17782,1921,27794,69655,97449,1960536,1592354,
2020-11-20T17:00:00,ITA,07,Liguria,44.41149315,8.9326992,1290,120,1410,14544,15954,-1073,761,28594,2207,32198,14557,46755,553862,275463,
2020-11-20T17:00:00,ITA,03,Lombardia,45.46679409,9.190347404,8304,930,9234,150407,159641,4061,9221,177832,20190,267227,90436,357663,3724757,2221955,
2020-11-20T17:00:00,ITA,11,Marche,43.61675973,13.5188753,542,81,623,14354,14977,121,512,9475,1161,19698,5915,25613,384786,224325,
2020-11-20T17:00:00,ITA,14,Molise,41.55774754,14.65916051,52,8,60,2111,2171,-28,139,1402,86,3609,50,3659,80803,75410,
2020-11-20T17:00:00,ITA,21,P.A. Bolzano,46.49933453,11.35662422,468,38,506,11005,11511,307,736,8160,446,20117,0,20117,288707,142658,TOTALE TEST ANTIGENICI RAPIDI EFFETTUATI : 8553 TOTALE TEST ANTIGENICI RAPIDI POSITIVI : 192  
2020-11-20T17:00:00,ITA,22,P.A. Trento,46.06893511,11.12123097,417,38,455,2549,3004,18,234,10194,563,7178,6583,13761,344029,125701,
2020-11-20T17:00:00,ITA,01,Piemonte,45.0732745,7.680687483,5225,393,5618,70927,76545,-692,3861,62074,5419,62133,81905,144038,1386198,875229,
2020-11-20T17:00:00,ITA,16,Puglia,41.12559576,16.86736689,1408,202,1610,27824,29434,934,1456,10240,1129,11446,29357,40803,702823,495932,
2020-11-20T17:00:00,ITA,20,Sardegna,39.21531192,9.110616306,526,69,595,11049,11644,252,581,5567,367,7310,10268,17578,339997,286870,
2020-11-20T17:00:00,ITA,19,Sicilia,38.11569725,13.362356699999998,1537,242,1779,32977,34756,1175,1634,14179,1098,31028,19005,50033,866503,596565,
2020-11-20T17:00:00,ITA,09,Toscana,43.76923077,11.25588885,1792,295,2087,51782,53869,-255,2207,34894,2121,71442,19442,90884,1421783,897193,effettuati  58204 tamponi rapidi antigenici di cui 3687 odierni
2020-11-20T17:00:00,ITA,10,Umbria,43.10675841,12.38824698,363,71,434,10934,11368,-17,394,9279,314,5879,15082,20961,380989,211832,
2020-11-20T17:00:00,ITA,02,Valle d'Aosta,45.73750286,7.320149366,148,10,158,1922,2080,45,155,3474,278,5186,646,5832,53347,30994,
2020-11-20T17:00:00,ITA,05,Veneto,45.43490485,12.33845213,2170,267,2437,66250,68687,2105,3468,44349,3123,29424,86735,116159,2640734,1016938,Tamponi antigenici 703.663
