data,stato,codice_regione,denominazione_regione,lat,long,ricoverati_con_sintomi,terapia_intensiva,totale_ospedalizzati,isolamento_domiciliare,totale_positivi,variazione_totale_positivi,nuovi_positivi,dimessi_guariti,deceduti,casi_da_sospetto_diagnostico,casi_da_screening,totale_casi,tamponi,casi_testati,note,ingressi_terapia_intensiva,note_test,note_casi,totale_positivi_test_molecolare,totale_positivi_test_antigenico_rapido,tamponi_test_molecolare,tamponi_test_antigenico_rapido,codice_nuts_1,codice_nuts_2
2021-05-21T17:00:00,ITA,13,Abruzzo,42.35122196,13.39843823,182,15,197,5633,5830,-113,67,65198,2465,,,73493,1536846,648931,"Dal totale dei positivi è stato eliminato un caso in quanto già segnalato da altra regione. Nota informativa: Del totale dei decessi comunicati in data odierna, 2 casi sono avvenuti nei giorni scorsi.",0,,,73493,0,1086458,450388,ITF,ITF1
2021-05-21T17:00:00,ITA,17,Basilicata,40.63947052,15.80514834,86,5,91,4508,4599,-120,62,20741,570,,,25910,364112,199545,"IL NUMERO TOTALE DEI DECESSI COMPRENDE 21 PAZIENTI NON RESIDENTI, DECEDUTI  IN STRUTTURE OSPEDALIERE DELLA REGIONE BASILICATA.",0,,,25910,0,348797,15315,ITF,ITF5
2021-05-21T17:00:00,ITA,18,Calabria,38.90597598,16.59440194,314,27,341,10799,11140,17,253,53284,1131,,,65555,841708,773638,,0,,,65542,13,802206,39502,ITF,ITF6
2021-05-21T17:00:00,ITA,15,Campania,40.83956555,14.25084984,1042,87,1129,73199,74328,-1032,705,333404,7040,,,414772,4771343,3095922,"Del Totale di 107 deceduti comunicati in data odierna, 85 si evincono da un'ulteriore ed approfondita verifica effettuata dalle A.S.L. e si riferiscono ai mesi precedenti ",4,,,403184,11588,4256881,514462,ITF,ITF3
2021-05-21T17:00:00,ITA,08,Emilia-Romagna,44.49436681,11.3417208,851,127,978,20230,21208,-499,412,347102,13129,,,381439,6072313,1843298,"Sono stati eliminati 2 casi, positivi a test antigenico ma non confermati da tampone molecolare.",3,,,381125,314,4673948,1398365,ITH,ITH5
2021-05-21T17:00:00,ITA,06,Friuli Venezia Giulia,45.6494354,13.76813649,55,12,67,5260,5327,-73,38,97594,3777,,,106698,1975937,674907,,1,,,92053,14645,1678888,297049,ITH,ITH4
2021-05-21T17:00:00,ITA,12,Lazio,41.89277044,12.48366722,1323,205,1528,27399,28927,-1211,471,301704,8074,,,338705,6749653,4227485,,8,,,330482,8223,4593441,2156212,ITI,ITI4
2021-05-21T17:00:00,ITA,07,Liguria,44.41149315,8.9326992,203,45,248,1913,2161,-166,70,95715,4303,,,102179,1566221,625963,,3,,In Regione Liguria la positività al test antigenico rapido è seguita da conferma con test molecolare,102179,0,1262299,303922,ITC,ITC3
2021-05-21T17:00:00,ITA,03,Lombardia,45.46679409,9.190347404,1662,308,1970,34251,36221,-162,847,759878,33449,,,829548,10335010,4139148,,3,,,777757,51791,8682091,1652919,ITC,ITC4
2021-05-21T17:00:00,ITA,11,Marche,43.61675973,13.5188753,194,40,234,4312,4546,-26,176,94166,3000,,,101712,1207327,717590,,2,,,101712,0,1078232,129095,ITI,ITI3
2021-05-21T17:00:00,ITA,14,Molise,41.55774754,14.65916051,16,5,21,212,233,-13,9,12823,488,,,13544,225819,193266,,0,,,13544,0,213000,12819,ITF,ITF2
2021-05-21T17:00:00,ITA,21,P.A. Bolzano,46.49933453,11.35662422,15,6,21,868,889,-46,56,70436,1171,,,72496,1500159,411054,56 nuovi positivi di cui 15 test antigenici confermati da test molecolare,0,,,59312,13184,571472,928687,ITH,ITH1
2021-05-21T17:00:00,ITA,22,P.A. Trento,46.06893511,11.12123097,34,14,48,572,620,-43,35,43128,1354,,,45102,805406,207662,,0,,,32478,12624,657008,148398,ITH,ITH2
2021-05-21T17:00:00,ITA,01,Piemonte,45.0732745,7.680687483,938,106,1044,7512,8556,-481,393,337659,11573,,,357788,4359195,1804536,,3,,,339479,18309,2846032,1513163,ITC,ITC1
2021-05-21T17:00:00,ITA,16,Puglia,41.12559576,16.86736689,889,102,991,32156,33147,-1058,365,208578,6360,,,248085,2423491,1172514,,6,,,247149,936,2221510,201981,ITF,ITF4
2021-05-21T17:00:00,ITA,20,Sardegna,39.21531192,9.110616306,186,35,221,13319,13540,-129,42,41389,1445,,,56374,1268040,741736,,0,,Si segnala il decesso dei paz.:  - 1 uomo 77 aa Residente nella Città Metropolitana di Cagliari  - 1 donna 86 aa Residente nella Provincia di Oristano  - 1 deceduto Residente nella Provincia di Nuoro ,56357,17,885634,382406,ITG,ITG2
2021-05-21T17:00:00,ITA,19,Sicilia,38.11569725,13.3623567,679,99,778,13237,14015,-998,493,202569,5720,,,222304,4353548,1670121,,5,,,222304,0,2451561,1901987,ITG,ITG1
2021-05-21T17:00:00,ITA,09,Toscana,43.76923077,11.25588885,689,148,837,11451,12288,-574,392,219845,6601,,,238734,4566549,2163188,,6,,,235424,3310,3571114,995435,ITI,ITI1
2021-05-21T17:00:00,ITA,10,Umbria,43.10675841,12.38824698,89,12,101,1996,2097,-97,45,52542,1386,,,56025,1293232,371875,"Si fa presente che 4 dei ricoveri NON UTI, non rientrano nei codici disciplina COVID e pertanto vengono collocati in ""Altra Struttura"".",0,,,56025,0,907279,385953,ITI,ITI2
2021-05-21T17:00:00,ITA,02,Valle d'Aosta,45.73750286,7.320149366,22,0,22,303,325,-19,13,10660,471,,,11456,125746,61456,,0,,,10829,627,95162,30584,ITC,ITC2
2021-05-21T17:00:00,ITA,05,Veneto,45.43490485,12.33845213,456,71,527,11264,11791,-855,274,398245,11521,,,421557,7750837,1741225,Nei valori riportati per le terapie intensive si è verificato un disallineamento temporale del flusso informativo pertanto per convenzione è stato riportato  10 dimessi da TI  invece del n. 7 effettivi che include anche i negativizzati.,7,,,409834,11723,5287353,2463484,ITH,ITH3
