data,stato,codice_regione,denominazione_regione,lat,long,ricoverati_con_sintomi,terapia_intensiva,totale_ospedalizzati,isolamento_domiciliare,totale_positivi,variazione_totale_positivi,nuovi_positivi,dimessi_guariti,deceduti,casi_da_sospetto_diagnostico,casi_da_screening,totale_casi,tamponi,casi_testati,note,ingressi_terapia_intensiva,note_test,note_casi,totale_positivi_test_molecolare,totale_positivi_test_antigenico_rapido,tamponi_test_molecolare,tamponi_test_antigenico_rapido,codice_nuts_1,codice_nuts_2
2021-05-12T17:00:00,ITA,13,Abruzzo,42.35122196,13.39843823,246,24,270,6989,7259,-412,150,63093,2447,,,72799,1491578,638738,,0,,,72799,0,1056850,434728,ITF,ITF1
2021-05-12T17:00:00,ITA,17,Basilicata,40.63947052,15.80514834,122,10,132,5336,5468,-248,122,19184,559,,,25211,353256,195113,"IL NUMERO TOTALE DEI DECESSI COMPRENDE 21 PAZIENTI NON RESIDENTI, DECEDUTI  IN STRUTTURE OSPEDALIERE DELLA REGIONE BASILICATA. ",3,,,25211,0,338341,14915,ITF,ITF5
2021-05-12T17:00:00,ITA,18,Calabria,38.90597598,16.59440194,402,28,430,12528,12958,-305,280,49581,1096,,,63635,813468,750099,,0,,,63622,13,778012,35456,ITF,ITF6
2021-05-12T17:00:00,ITA,15,Campania,40.83956555,14.25084984,1307,116,1423,80995,82418,-856,1127,318376,6749,,,407543,4591680,3001361,,12,,,395955,11588,4123222,468458,ITF,ITF3
2021-05-12T17:00:00,ITA,08,Emilia-Romagna,44.49436681,11.3417208,1239,178,1417,25114,26531,-2345,509,337875,13038,,,377444,5866306,1816245,"Sono stati eliminati 3 casi, positivi a test antigenico ma non confermati da tampone molecolare. Sono stati eliminati 1 casi, comunicati nei giorni precedenti, in quanto giudicati non casi COVID-19",4,,,377134,310,4560154,1306152,ITH,ITH5
2021-05-12T17:00:00,ITA,06,Friuli Venezia Giulia,45.6494354,13.76813649,120,18,138,5948,6086,-152,75,96430,3752,,,106268,1919417,662247,,0,,,91684,14584,1640049,279368,ITH,ITH4
2021-05-12T17:00:00,ITA,12,Lazio,41.89277044,12.48366722,1732,244,1976,33599,35575,-658,633,290385,7956,,,333916,6500219,4105951,,11,,,325912,8004,4474499,2025720,ITI,ITI4
2021-05-12T17:00:00,ITA,07,Liguria,44.41149315,8.9326992,350,49,399,3025,3424,-219,143,93669,4259,,,101352,1514272,609217,,4,,In Regione Liguria la positività al test antigenico rapido è seguita da conferma con test molecolare,101352,0,1231728,282544,ITC,ITC3
2021-05-12T17:00:00,ITA,03,Lombardia,45.46679409,9.190347404,2441,448,2889,36982,39871,-865,1198,747841,33271,,,820983,9968164,4013270,,17,,,770734,50249,8453749,1514415,ITC,ITC4
2021-05-12T17:00:00,ITA,11,Marche,43.61675973,13.5188753,301,51,352,4806,5158,-80,230,92040,2977,,,100175,1174886,700063,,1,,,100175,0,1050635,124251,ITI,ITI3
2021-05-12T17:00:00,ITA,14,Molise,41.55774754,14.65916051,24,4,28,346,374,-49,26,12606,485,,,13465,221428,189035,,0,,,13465,0,208683,12745,ITF,ITF2
2021-05-12T17:00:00,ITA,21,P.A. Bolzano,46.49933453,11.35662422,25,6,31,1019,1050,20,108,69750,1168,,,71968,1450276,404441,108 nuovi PCR positivi di cui 28 con precedente AG,0,,,58829,13139,564909,885367,ITH,ITH1
2021-05-12T17:00:00,ITA,22,P.A. Trento,46.06893511,11.12123097,48,20,68,775,843,9,71,42492,1349,,,44684,788038,200715,,1,,,32288,12396,648549,139489,ITH,ITH2
2021-05-12T17:00:00,ITA,01,Piemonte,45.0732745,7.680687483,1599,145,1744,10541,12285,-401,774,329898,11451,,,353634,4180197,1757613,,8,,,335629,18005,2772782,1407415,ITC,ITC1
2021-05-12T17:00:00,ITA,16,Puglia,41.12559576,16.86736689,1315,161,1476,40073,41549,-1133,615,196496,6188,,,244233,2344907,1154116,,10,,"E' stata effettuata una riclassificazione di alcuni casi confermati da test antigenico, che sono risultati successivamente anche confermati da test molecolare e quindi ricompresi tra questi",243271,962,2159984,184923,ITF,ITF4
2021-05-12T17:00:00,ITA,20,Sardegna,39.21531192,9.110616306,254,38,292,14660,14952,-278,96,39482,1427,,,55861,1229785,724172,,1,,Si segnala il decesso dei paz.:  - 1 uomo 82 aa Residente nella Città Metropolitana di Cagliari  - 1 donna 90 aa Residente nella Provincia di Nuoro  - 2 deceduti Residenti nella Provincia di Nuoro  - 1 deceduto Residente nella Provincia del Sud Sardegna ,55844,17,864609,365176,ITG,ITG2
2021-05-12T17:00:00,ITA,19,Sicilia,38.11569725,13.3623567,919,125,1044,18991,20035,-2127,607,192268,5614,,,217917,4169302,1604909,,0,,,217917,0,2384068,1785234,ITG,ITG1
2021-05-12T17:00:00,ITA,09,Toscana,43.76923077,11.25588885,1014,188,1202,14714,15916,-542,495,212215,6461,,,234592,4382894,2098565,,10,,,231428,3164,3471346,911548,ITI,ITI1
2021-05-12T17:00:00,ITA,10,Umbria,43.10675841,12.38824698,133,22,155,2367,2522,-132,77,51586,1371,,,55479,1240012,366311,"Si fa presente che 9 dei ricoveri NON UTI, non rientrano nei codici disciplina COVID e pertanto vengono collocati in ""Altra Struttura"".",2,,,55479,0,886829,353183,ITI,ITI2
2021-05-12T17:00:00,ITA,02,Valle d'Aosta,45.73750286,7.320149366,19,7,26,487,513,-21,23,10303,466,,,11282,120694,59913,,0,,,10685,597,93206,27488,ITC,ITC2
2021-05-12T17:00:00,ITA,05,Veneto,45.43490485,12.33845213,670,110,780,16855,17635,-643,493,389542,11460,,,418637,7499417,1714801,Nei valori riportati per le terapie intensive si è verificato un disallineamento temporale del flusso informativo pertanto per convenzione è stato riportato  14  dimessi da TI  invece del n. 10   effettivi che include anche i negativizzati. Il dato dei casi confermati da test antigenico è diminuito rispetto a ieri in quanto i test confermati da molecolari sono stati ricollocati.,7,,,407211,11426,5170908,2328509,ITH,ITH3
