data,stato,codice_regione,denominazione_regione,lat,long,ricoverati_con_sintomi,terapia_intensiva,totale_ospedalizzati,isolamento_domiciliare,totale_positivi,variazione_totale_positivi,nuovi_positivi,dimessi_guariti,deceduti,totale_casi,tamponi,casi_testati,ingressi_terapia_intensiva
2020-12-10T17:00:00,ITA,13,Abruzzo,42.35122196,13.39843823,657,65,722,15269,15991,-330,227,14197,1013,31201,449788,250253,6
2020-12-10T17:00:00,ITA,17,Basilicata,40.63947052,15.80514834,122,15,137,6134,6271,-13,46,2726,189,9186,163918,163078,2
2020-12-10T17:00:00,ITA,18,Calabria,38.90597598,16.59440194,370,24,394,9382,9776,-351,169,9026,373,19175,390615,377344,1
2020-12-10T17:00:00,ITA,15,Campania,40.83956555,14.25084984,1789,140,1929,94236,96165,-1048,1198,71662,2165,169992,1751218,1191200,0
2020-12-10T17:00:00,ITA,8,Emilia-Romagna,44.49436681,11.3417208,2845,229,3074,61643,64717,-1126,1453,68697,6386,139800,2276951,1133307,17
2020-12-10T17:00:00,ITA,6,Friuli Venezia Giulia,45.6494354,13.76813649,652,62,714,13481,14195,-760,672,22430,1164,37789,792239,303968,5
2020-12-10T17:00:00,ITA,12,Lazio,41.89277044,12.48366722,3036,339,3375,87392,90767,-3051,1488,42344,2802,135913,2414442,1912167,19
2020-12-10T17:00:00,ITA,7,Liguria,44.41149315,8.9326992,822,85,907,8051,8958,-289,320,43124,2602,54684,637449,301691,3
2020-12-10T17:00:00,ITA,3,Lombardia,45.46679409,9.190347404,5613,748,6361,80882,87243,-2660,2093,324961,23449,435653,4350769,2436786,62
2020-12-10T17:00:00,ITA,11,Marche,43.61675973,13.5188753,501,86,587,12632,13219,-298,323,18791,1373,33383,443307,259267,5
2020-12-10T17:00:00,ITA,14,Molise,41.55774754,14.65916051,53,7,60,2495,2555,18,22,2715,147,5417,100381,92741,1
2020-12-10T17:00:00,ITA,21,P.A. Bolzano,46.49933453,11.35662422,239,31,270,10451,10721,-163,244,14698,612,26031,328783,153670,0
2020-12-10T17:00:00,ITA,22,P.A. Trento,46.06893511,11.12123097,431,48,479,1967,2446,-70,217,14626,744,17816,404137,143448,2
2020-12-10T17:00:00,ITA,1,Piemonte,45.0732745,7.680687483,4069,310,4379,56728,61107,-2376,974,113527,6897,181531,1712408,1018261,14
2020-12-10T17:00:00,ITA,16,Puglia,41.12559576,16.86736689,1600,200,1800,47002,48802,732,1332,17870,1834,68506,867066,581178,29
2020-12-10T17:00:00,ITA,20,Sardegna,39.21531192,9.110616306,610,63,673,14321,14994,-21,248,9729,556,25279,409587,342265,6
2020-12-10T17:00:00,ITA,19,Sicilia,38.11569725,13.3623567,1342,197,1539,35430,36969,-1678,1059,36503,1895,75367,1056737,712959,21
2020-12-10T17:00:00,ITA,9,Toscana,43.76923077,11.25588885,1323,247,1570,20762,22332,-2273,517,85076,3032,110440,1680849,993998,11
2020-12-10T17:00:00,ITA,10,Umbria,43.10675841,12.38824698,310,55,365,5014,5379,-277,182,19738,498,25615,447196,234249,5
2020-12-10T17:00:00,ITA,2,Valle d'Aosta,45.73750286,7.320149366,98,10,108,675,783,-73,18,5674,344,6801,57189,34989,0
2020-12-10T17:00:00,ITA,5,Veneto,45.43490485,12.33845213,2606,330,2936,80201,83137,2119,4197,89880,4551,177568,2941145,1108040,42
